./concated_fastqs/SRS011452.fastq,./concated_fastqs/SRS011584.fastq,./concated_fastqs/SRS013942.fastq,./concated_fastqs/SRS013946.fastq,./concated_fastqs/SRS013947.fastq,./concated_fastqs/SRS014107.fastq,./concated_fastqs/SRS014465.fastq,./concated_fastqs/SRS014466.fastq,./concated_fastqs/SRS014468.fastq,./concated_fastqs/SRS014473.fastq,./concated_fastqs/SRS014474.fastq,./concated_fastqs/SRS014475.fastq,./concated_fastqs/SRS014477.fastq,./concated_fastqs/SRS014689.fastq,./concated_fastqs/SRS014692.fastq,./concated_fastqs/SRS015055.fastq,./concated_fastqs/SRS015059.fastq,./concated_fastqs/SRS015060.fastq,./concated_fastqs/SRS015061.fastq,./concated_fastqs/SRS015062.fastq,./concated_fastqs/SRS015071.fastq,./concated_fastqs/SRS015072.fastq,./concated_fastqs/SRS016203.fastq,./concated_fastqs/SRS016944.fastq,./concated_fastqs/SRS018978.fastq,./concated_fastqs/SRS019015.fastq,./concated_fastqs/SRS019025.fastq,./concated_fastqs/SRS019026.fastq,./concated_fastqs/SRS019027.fastq,./concated_fastqs/SRS019033.fastq,./concated_fastqs/SRS019063.fastq,./concated_fastqs/SRS019081.fastq,./concated_fastqs/SRS019116.fastq,./concated_fastqs/SRS019120.fastq,./concated_fastqs/SRS019125.fastq,./concated_fastqs/SRS019129.fastq,./concated_fastqs/SRS019215.fastq,./concated_fastqs/SRS019389.fastq,./concated_fastqs/SRS022524.fastq,./concated_fastqs/SRS022545.fastq,./concated_fastqs/SRS023534.fastq,./concated_fastqs/SRS024482.fastq,./concated_fastqs/SRS024620.fastq,./concated_fastqs/SRS024641.fastq,./concated_fastqs/SRS044366.fastq,./concated_fastqs/SRS044742.fastq,./concated_fastqs/SRS045127.fastq,./concated_fastqs/SRS047265.fastq,./concated_fastqs/SRS047708.fastq,./concated_fastqs/SRS052756.fastq,./concated_fastqs/SRS055426.fastq,./concated_fastqs/SRS055495.fastq,./concated_fastqs/SRS057083.fastq,./concated_fastqs/SRS062540.fastq,./concated_fastqs/SRS062752.fastq,./concated_fastqs/SRS062878.fastq,./concated_fastqs/SRS063178.fastq,./concated_fastqs/SRS063215.fastq,./concated_fastqs/SRS063351.fastq,./concated_fastqs/SRS063417.fastq,./concated_fastqs/SRS064219.fastq,./concated_fastqs/SRS064493.fastq,./concated_fastqs/SRS064645.fastq,./concated_fastqs/SRS065133.fastq,./concated_fastqs/SRS065142.fastq,./concated_fastqs/SRS065179.fastq,./concated_fastqs/SRS065310.fastq,./concated_fastqs/SRS065335.fastq,./concated_fastqs/SRS065431.fastq
1.0,0.0008424559733460257,0.003013244944814952,0.0008738358265739902,0.0013284415040726786,0.006491804375833087,0.0006869457851610731,0.00030913327335225046,0.001213081555900376,0.001388876411560195,0.0014402190789104018,0.0007477445083682009,0.0014621554590068776,0.0018591651685282878,0.00186467456877942,0.0014033816017936312,0.0005915149074342097,0.002496917095763007,0.0012723573733772473,0.0012177447367475436,0.00042716787697565144,0.0005317222759546935,0.06086441977531087,0.003951333115041187,0.005907300817933959,0.0012535599142878408,0.0010090637138902533,0.0021658356643490437,0.0020673586104638848,0.0014749139285356152,0.0012110463307943272,0.001784219804483698,0.0008488937356729311,0.001471043855647418,0.0014358184164974036,0.0011847672778561354,0.00045112639136876497,0.001749198827775711,0.07444924752387419,0.0002712054615168802,0.003158268742351068,0.0021464969289039784,0.001022094916024177,0.001961720934762344,0.0016262752172195288,0.00026712781362914223,0.0031325909947725375,0.0016764865493449105,0.0002032431804654269,0.001012960210544253,0.0022403904820012203,0.0015192005482332414,0.0012358181287653834,0.005703068686163485,0.002447204228768907,0.0014375184837174828,0.00047002967359050446,0.002993903081001924,0.00363526109489188,0.00022417674667073683,0.0018672515412234943,0.0004389755408315843,0.053927243297511605,0.0006201710638517791,0.0032667652859960554,0.0011830582290890924,0.0018932334518214132,0.0015301394366500722,0.0002371057577900019
0.0008424559733460257,1.0,0.0033261143057382652,0.0007292289939311052,0.0012995659893470111,0.0016018191640388456,0.037940905341807774,0.03858150257662056,0.0053845253423855785,0.0014380512295197303,0.004578083797245825,0.01299064766658115,0.00226111319377306,0.0024765216040090513,0.0015695757309298747,0.0023984415622459667,0.007976261773833506,0.002200824081390314,0.005682499101186434,0.012054378183012979,0.03809947843785778,0.038985148514851485,0.0005202930550632644,0.01063061787812301,0.0014722070274249207,0.008555611474584801,0.003558374463080004,0.0012270357921680946,0.001522984902905103,0.0066399662731871836,0.003752941293275484,0.0028523321270607156,0.004209724019355868,0.0025275294478762996,0.001818639798488665,0.0010472677999742359,0.06350491613649509,0.0007381157566459401,0.0004624471864292771,0.12089794446447891,0.022242260294559665,0.004861311813135916,0.014450465471724329,0.04852062486502052,0.0033322146042096177,0.04777349228611501,0.0009593390520891399,0.002805347664417973,0.01303755594473633,0.05836864406779661,0.001026341972315331,0.003999530194289388,0.0022659323367427223,0.0012815901640021994,0.020621028653638653,0.0007440989651623666,0.059761413168157834,0.0018547457569195686,0.005625110358106801,0.08934252386002121,0.0018535945475803462,0.0025555271608093243,0.0004715992454412073,0.003153856158148004,0.057053291536050155,0.04774688398849473,0.0018921317459520103,0.003039316742747754,0.002462326405988378
0.003013244944814952,0.0033261143057382652,1.0,0.06920596613388194,0.15370463389393546,0.06425166763175028,0.0034294839162562897,0.003472645302790301,0.10291711266132704,0.06292377025132835,0.09192432432432432,0.04309992524296038,0.07422711537428264,0.07946964183717552,0.10369992402217094,0.08699941645979012,0.039848090366756184,0.09111847162243372,0.06951131439576312,0.03217217342077614,0.0034589688086936886,0.0034335188349109208,0.003173426262326685,0.005991172243021959,0.013302423622264633,0.0054667788057190915,0.09889880963258325,0.0795701825773123,0.09491855470900955,0.0033976310005556184,0.003616527757414446,0.003008924707476994,0.003475841642523885,0.2961919316248773,0.10620274241831433,0.11051279911384915,0.004861920315020292,0.106001989034277,0.002711723691049118,0.0020006631411535283,0.03816104315096115,0.04811854406636465,0.003764694211596647,0.004761268335059641,0.06361864579987737,0.002604944884553579,0.08222439378866882,0.09195395655176998,0.0004971196303769337,0.003028678332686911,0.10545603458948792,0.13123154271064139,0.001276214302716007,0.10486528344493151,0.004658548965018167,0.12095467258043519,0.004618526890727375,0.0693478208505504,0.08194646058451427,0.0025685917666843283,0.01924949290060852,0.07125826152430352,0.0031678676274352817,0.036219783924442035,0.0036157083708781494,0.0028930917507176,0.08453599417583829,0.1049116313926314,0.04093833808579878
0.0008738358265739902,0.0007292289939311052,0.06920596613388194,1.0,0.04522988676956075,0.016217366491589526,0.0014896577407892083,0.0012188010569947098,0.026773084586918915,0.0776995799417324,0.02595095365624318,0.012437694029758445,0.02457815950595734,0.02659529622381235,0.03399891314949768,0.03288412315195362,0.011156260431542726,0.06516777300439708,0.019785878845372,0.009321708347718685,0.0008458885365080778,0.0008500865780484105,0.0011698409937851268,0.0017687233803694617,0.011703238970273803,0.0018823001755859225,0.03152099785931651,0.027004923417648787,0.03391897853787663,0.0012265894865174274,0.0014648322305984794,0.0015259078477508029,0.0017289282944237358,0.0742930610475329,0.1645185903120038,0.034715150812584555,0.001014244801328127,0.031121431011520772,0.0022310950032557834,0.0007301471405215791,0.013012618296529969,0.013179774713340406,0.0011520536662926017,0.0009841069361119883,0.018232150664409492,0.0006568596809992743,0.030756881288035685,0.031502542946247346,0.00014824797843665768,0.0008121746308599731,0.03429464367368199,0.036155047152787584,0.0007624693942772017,0.03322554388922213,0.001294493520020832,0.043369162259534695,0.0010435098226033303,0.023110252313180483,0.01762958584098994,0.0006098882139102662,0.005660557177395893,0.018137982609860364,0.0024108465465711147,0.010816471613450646,0.0008358822417616352,0.0007623044436771229,0.03541402189273995,0.029992622875234378,0.017068182926172154
0.0013284415040726786,0.0012995659893470111,0.15370463389393546,0.04522988676956075,1.0,0.025264003123469114,0.003538108981427325,0.0018746964545896065,0.06379499871363904,0.044641259493012446,0.0798664716009667,0.029346569343065693,0.031374716517376375,0.08550842947150378,0.086607027998651,0.08140985350287676,0.02067283059842157,0.04752269403653959,0.04736043950959008,0.01671459504504812,0.0014577188878718756,0.0015142022983946068,0.0017635531403609244,0.0032216908632418987,0.015390851831038681,0.0028127270343948083,0.061160993861164185,0.08510410493282604,0.09625139931259537,0.001573227531481801,0.0021537032233154966,0.0020984441265620175,0.002365718481463958,0.15391833122388968,0.054223589852419735,0.04330411993246264,0.0021302562964606677,0.12512816468175725,0.0028130898561145837,0.0010971583842204677,0.017299188726048246,0.019359750848423864,0.0017899003429680013,0.001902500498737343,0.02632488162637121,0.0011131416772476289,0.10975065664839338,0.039088403443900174,0.00022118835306631675,0.0015961750824526498,0.12188751162626783,0.10099501900332854,0.0012740458656511635,0.0982071860257029,0.00216089614454304,0.12705754256200194,0.0018311723199696366,0.03423158554232103,0.06701362940085963,0.0010665586940581324,0.006970288359874614,0.0291353958854513,0.0032777460209418895,0.018175072419648674,0.001391329998402183,0.001260826798211294,0.03891328721315649,0.09483280798478354,0.015580709642804575
0.006491804375833087,0.0016018191640388456,0.06425166763175028,0.016217366491589526,0.025264003123469114,1.0,0.0015367957807970382,0.002488493736485425,0.034206568215445946,0.02827758277318857,0.03207737299045747,0.01290588566836101,0.11267082794841478,0.025810362063220307,0.03950780048341024,0.0373276237125245,0.03277425603099137,0.06016085093876813,0.044956432087268856,0.02810129836739941,0.001463408782851728,0.0013874353377388393,0.005477811244759663,0.004233053089540831,0.0048552414589539995,0.0023153133749730776,0.04470631290027447,0.042884831219116376,0.029667237284250466,0.001957642764679668,0.001794632020851157,0.0018561908529349117,0.0014492533689450043,0.0778395742436592,0.02522300018479463,0.10613874982785743,0.0018174867292132788,0.022524164236929343,0.005648186744476865,0.0010557458353282019,0.01722008075308543,0.027613044040148763,0.0020827421522382787,0.0019040919785577412,0.08772150901787824,0.0010958431836091411,0.02859844176524113,0.08506506524477637,0.00042362818282765395,0.001365089852832094,0.04357475880533629,0.030024971458839863,0.0012178931545627106,0.04489672158181151,0.0027469693761773693,0.02752842609216038,0.0017542101042502005,0.12282646099080391,0.05038205321538784,0.0010774775683032563,0.03087252046053544,0.07648375809414004,0.004676867195356002,0.015338315582207107,0.0017258997108962218,0.0017296318797812853,0.08589893162333667,0.02408423739629866,0.01910638154268423
0.0006869457851610731,0.037940905341807774,0.0034294839162562897,0.0014896577407892083,0.003538108981427325,0.0015367957807970382,1.0,0.19953596287703015,0.005756171363482223,0.003456023530372973,0.0058505457598656595,0.012339210868622634,0.002538414675421377,0.002608994164092001,0.0018294029645495877,0.0051036167583960465,0.007368314219019588,0.0026090560037888397,0.005903921446771487,0.015590639052089145,0.1936442426743706,0.18407058254773992,0.0006717385531064003,0.013355048859934854,0.007619283500568676,0.008404758665517814,0.0034512569518661976,0.0013753924353416057,0.0019567263791395338,0.0060595259312065585,0.004097636793952453,0.003660059733912571,0.004227149465624501,0.00258753279652583,0.002474637337631554,0.0016198291184560873,0.026903505465510742,0.001238832989827559,0.0006580947928816836,0.05428511265529585,0.017768573912154216,0.006807157705947092,0.010827501029230135,0.03198602036164717,0.004208429943088072,0.18710114097853414,0.0027405754180662156,0.0035436114450159307,0.0038333615198150968,0.07488819107431725,0.0013198766864765388,0.004736153210250758,0.005337917307518321,0.0013125628772635814,0.06884622434017595,0.0009398142926957633,0.027474595408355288,0.002573193902128869,0.006249048561424875,0.07736493479610847,0.002204585537918871,0.0023198237713706452,0.0016242019589405344,0.004647076503363929,0.029409099148087727,0.023177943990259176,0.002243677721951045,0.003522633744855967,0.003279527375912918
0.00030913327335225046,0.03858150257662056,0.003472645302790301,0.0012188010569947098,0.0018746964545896065,0.002488493736485425,0.19953596287703015,1.0,0.005080750923981327,0.0021543201170357218,0.0039060589332755693,0.010068538848789955,0.0030610123287565746,0.0024004631481838847,0.0018854936701283931,0.0031532643981774778,0.008311531961197416,0.0033615489183543177,0.0050804244310299574,0.010684921583541599,0.21224663058473947,0.2182568711464103,0.00022601891555487644,0.007707727125767863,0.004144250390904513,0.006874906590943058,0.003928086886724771,0.0013855940848836253,0.0017757894698926242,0.005168655475403941,0.0030195712954333644,0.0026129065972988353,0.003307127487671531,0.00302457818767275,0.002005122575923893,0.002302602952694328,0.027251339694157627,0.0011010931743535791,0.00038876402943564803,0.06889941362201173,0.01470942124894718,0.004750728162203433,0.009501466275659825,0.02304147465437788,0.004991326049243692,0.22908075029932154,0.0015489751005710118,0.003743941934446563,0.004108533767011898,0.08858423411547588,0.0014890013700715483,0.003474779633633491,0.003005985832658076,0.00196588702595132,0.06669295478443743,0.0012867132867132867,0.026368904225535516,0.002908137603072749,0.0044198455044994825,0.08933057484852963,0.0039282787872945485,0.0047143361508587564,0.00060068940661128,0.003921357971637301,0.02355763316521097,0.023036342321219226,0.003461040842730794,0.002773256506377356,0.004172876304023845
0.001213081555900376,0.0053845253423855785,0.10291711266132704,0.026773084586918915,0.06379499871363904,0.034206568215445946,0.005756171363482223,0.005080750923981327,1.0,0.04707948544976622,0.1738380615676468,0.0928064119350871,0.06100737572317732,0.10072803540250584,0.10379889991260988,0.13664440889240292,0.05835744742590458,0.06982582139141524,0.09093910163156599,0.041686621098001655,0.0060766494737512396,0.005486148832156436,0.001497431195403559,0.006580026611741976,0.009606170266074644,0.006621078910235537,0.08857421178930362,0.08527222660758155,0.0986139220361173,0.003971020643244718,0.0036730709955820405,0.003146230573754905,0.0033786723122879265,0.10264585272219637,0.045756320658126154,0.03439315317201206,0.007585864389284358,0.10477113859915242,0.0011052496485037947,0.0033379092464787406,0.04420625574818852,0.029979747652161444,0.005203529484105024,0.006538184104906875,0.044604843001596596,0.004216178402956997,0.061759598657310066,0.05164278944548988,0.00079474462541372,0.005060631181199514,0.08564277423099245,0.09647766396418717,0.0017473769489209947,0.10396112695095264,0.0059418358548248024,0.09480890049006437,0.006230923265353734,0.04086536060021779,0.10027008256809938,0.004183526507098278,0.01825506735490369,0.04735333352254988,0.0018107055496479,0.03886324388947928,0.005596709404591035,0.0047753667481662595,0.05054131161788879,0.11627406554181487,0.03686042551070423
0.001388876411560195,0.0014380512295197303,0.06292377025132835,0.0776995799417324,0.044641259493012446,0.02827758277318857,0.003456023530372973,0.0021543201170357218,0.04707948544976622,1.0,0.0352542242424372,0.018324866742466125,0.055518189082160385,0.030750923663667242,0.04331381737271371,0.0548341823297731,0.02796274488812761,0.16613211897154656,0.02689463001823248,0.01187409527359437,0.001731200758640842,0.0018089505883907774,0.0017993647140907394,0.004139350949771076,0.016275541057531227,0.0028397657193281554,0.056283072552466715,0.0307260677285438,0.04038073456208799,0.0017290691627665107,0.00221840561041935,0.0021316355372754505,0.0022859879822346076,0.06461487802029708,0.08761751832379373,0.041664628678568516,0.0018870365370770338,0.038681977890136256,0.002236049249954116,0.0011557345319553635,0.01933992069025623,0.022145136731448127,0.00218168896692455,0.001969992934624496,0.04688870577602935,0.0011852008845781661,0.03865548685476331,0.0582331483910781,0.00023851236431059989,0.0016439155487479873,0.0445338687821283,0.049669426766027494,0.0013424947145877378,0.0518181883090456,0.002752146332094078,0.06418762029999359,0.0018755289863426623,0.04978660420018125,0.023150523347847632,0.0011638195826030107,0.014449938818682995,0.042434760221315836,0.0026962522453769532,0.014030615667386667,0.0015899722385799614,0.001365031146766023,0.06824098211634486,0.03358772525672274,0.023284363541759823
0.0014402190789104018,0.004578083797245825,0.09192432432432432,0.02595095365624318,0.0798664716009667,0.03207737299045747,0.0058505457598656595,0.0039060589332755693,0.1738380615676468,0.0352542242424372,1.0,0.10567813191905669,0.05500445631568927,0.15215221760317155,0.13471200502107514,0.17191953694690396,0.0445800330971059,0.049898388195773066,0.18322795272336556,0.0879359129827656,0.004966691905334158,0.005751387608877925,0.00222956728006583,0.0066522534508564775,0.007697469984372666,0.005787962141215252,0.09201741172760357,0.13261538848188592,0.14353682561194936,0.003397733639370335,0.00337150878297716,0.002987318351771191,0.003313072937425269,0.09638863523363544,0.04194675217567133,0.03033208861211704,0.005909067639810149,0.1490384900644962,0.0010951287450615807,0.0027207202074014986,0.03272898672915934,0.024169360126958014,0.004123497846888495,0.005749431742211526,0.032401816681100905,0.0036553524804177544,0.08501939714868878,0.03724383434722713,0.0005543694048020377,0.004297578256577037,0.12259014406921609,0.10972486728061706,0.0015880359621372213,0.1299564240256394,0.0067881718430351495,0.12170209045694746,0.005040101678572994,0.04089925723771856,0.1462960223385173,0.0038442314477243325,0.01149560407605165,0.03054133310703139,0.002090798708798531,0.028808126760927442,0.004935081900587129,0.0039138520088223844,0.03620776629532664,0.15186485131330274,0.02151858042947152
0.0007477445083682009,0.01299064766658115,0.04309992524296038,0.012437694029758445,0.029346569343065693,0.01290588566836101,0.012339210868622634,0.010068538848789955,0.0928064119350871,0.018324866742466125,0.10567813191905669,1.0,0.01971383147853736,0.054614809209058576,0.046969183205345565,0.058326326807254754,0.04139784946236559,0.02820662373578063,0.06696991675075681,0.07788238013896559,0.012496523224857949,0.012181921949107511,0.000754247024670894,0.009433872457090636,0.005064282094773989,0.007641041361535929,0.04407968107851655,0.03794998546088979,0.045224466948594284,0.0049387484825074495,0.0039049499678285374,0.003296019355347704,0.0039015850613397024,0.04093724635823828,0.022145471100138328,0.01047473295992953,0.014182264072368878,0.051817035423592804,0.0005553874746077711,0.007081122710936163,0.0425973062724407,0.01669802024545373,0.007990592635620476,0.014221819156172063,0.021644441893537918,0.009751869108245747,0.026205004493637954,0.020482730368647766,0.0017597667052139374,0.011169007702763934,0.03729714624869229,0.04889499233520695,0.0024575581220034376,0.05093348315630433,0.010101901274868763,0.043162532405898936,0.012669620603710883,0.01367879942207853,0.062097174020823,0.010706032165259633,0.0115105827776167,0.025448782170249807,0.0009286608465132263,0.030395041140286017,0.012486992715920915,0.010667790370156801,0.018607815654359358,0.05722761040033017,0.027413023945016317
0.0014621554590068776,0.00226111319377306,0.07422711537428264,0.02457815950595734,0.031374716517376375,0.11267082794841478,0.002538414675421377,0.0030610123287565746,0.06100737572317732,0.055518189082160385,0.05500445631568927,0.01971383147853736,1.0,0.03059566622245751,0.05337199384460523,0.07070054758004284,0.04287176531015701,0.10988078781649122,0.07373077340948951,0.0489646746196564,0.002526278665020816,0.0024488608970483572,0.001977222971307613,0.0050699217447896,0.00805459785620059,0.0028748919402504978,0.06341210874644951,0.05715084059050901,0.03930890654632261,0.0019126137050615325,0.0021443826435231543,0.0019298294289739535,0.0020235842596448665,0.08814870002467473,0.037569688161541014,0.128425651523021,0.002403656710536685,0.026238437988535694,0.0014362496933473092,0.0013020124837734264,0.02351725563132879,0.03387842537813894,0.002580291555150618,0.0027446438911407065,0.09467682741394022,0.001749123490455785,0.03882312751526142,0.12464083994253439,0.0002956121568502125,0.0020261435342068786,0.06437597206894995,0.03358808822261554,0.000632070156175506,0.05266647660515585,0.003662450715058459,0.03550245038835837,0.002478270805260711,0.14775874967144503,0.047532900876686685,0.0017036717882229241,0.027979669817893786,0.07324619642600029,0.001835447913113329,0.015965492747809253,0.0022296894136858963,0.0020108759438206645,0.11999963015870814,0.02847389995643392,0.024390243902439025
0.0018591651685282878,0.0024765216040090513,0.07946964183717552,0.02659529622381235,0.08550842947150378,0.025810362063220307,0.002608994164092001,0.0024004631481838847,0.10072803540250584,0.030750923663667242,0.15215221760317155,0.054614809209058576,0.03059566622245751,1.0,0.35128980416319944,0.15028598479302704,0.03204598226850549,0.048142575516061596,0.0888755880452991,0.026769564693114676,0.0025817394645350528,0.002632329494714301,0.0030568231667497036,0.0042814323201481146,0.011392029467437458,0.005202489848556838,0.1405923542186283,0.30226937458831427,0.3200450101976229,0.002942627272881904,0.0029677674935457772,0.0027466272501563047,0.0025760731488705902,0.08569819158421921,0.03896855945771026,0.02599915230995537,0.0031620706713095434,0.1749130928150723,0.0013516496524100953,0.0016114652414575656,0.024531156026171428,0.02171267042545429,0.003002707148242067,0.0032762239745844444,0.03457315706923594,0.0021802638310486782,0.10142196897028403,0.03368855623717753,0.0003797199934905144,0.002442827693748582,0.14949225996890467,0.08931612942262022,0.0012128033644386858,0.18342369005179257,0.0032473999151346154,0.14249426805294468,0.0033657133711935674,0.04248709232594683,0.1544202463475429,0.0019223749847913372,0.010742043332899137,0.028293125495602974,0.003599097025452164,0.024612583850486064,0.0024365178541273648,0.002494460759104301,0.035514133852763384,0.1505409631019387,0.020053643272239605
0.00186467456877942,0.0015695757309298747,0.10369992402217094,0.03399891314949768,0.086607027998651,0.03950780048341024,0.0018294029645495877,0.0018854936701283931,0.10379889991260988,0.04331381737271371,0.13471200502107514,0.046969183205345565,0.05337199384460523,0.35128980416319944,1.0,0.13433193142867667,0.030810543139994123,0.06513046506322122,0.08609145539842308,0.029022248984585646,0.00164290274526495,0.0017289866523929685,0.00273962170755157,0.0035905339839376305,0.018758730792257036,0.004623601333009645,0.1766716882995953,0.27771103248541895,0.2944271187871688,0.0028031189083820665,0.0026309690109435784,0.002654050698743436,0.0020594558573879588,0.11069709511267953,0.05030651408406454,0.04502865221674232,0.0023498511028927326,0.15125392604582152,0.0013131824024277634,0.0010596748312089376,0.029110834329468607,0.031724418841465186,0.0022947025712436505,0.002291393115522257,0.04702550608025573,0.0014177878174305523,0.09885387018300053,0.054092591097969295,0.00035245514004514996,0.001648959668283551,0.14174802073965675,0.09400696964047554,0.0011533565068862167,0.16468559105245748,0.002741951461119366,0.14047938971002558,0.0025739234323664283,0.06279134126403099,0.13705888871352825,0.0012646180148581602,0.014801948570515892,0.03418454705976778,0.0032503367255312782,0.027202354769353468,0.0017531587461198793,0.0016422292499760416,0.058486230587148545,0.14375615130370914,0.02928026397195298
0.0014033816017936312,0.0023984415622459667,0.08699941645979012,0.03288412315195362,0.08140985350287676,0.0373276237125245,0.0051036167583960465,0.0031532643981774778,0.13664440889240292,0.0548341823297731,0.17191953694690396,0.058326326807254754,0.07070054758004284,0.15028598479302704,0.13433193142867667,1.0,0.04887604545833449,0.09156333630686887,0.1156647312425057,0.04694668314737014,0.0031992182066545166,0.0031188695166108286,0.001993011336892407,0.005437414433211572,0.013728874142058194,0.004476723869249441,0.08050705443537488,0.13035979974554365,0.13275120970806556,0.002543056694621551,0.003159743822330866,0.00290018646133618,0.0032090723924297717,0.09340549069543734,0.04282897414163307,0.04404917500255453,0.0033046902447593394,0.13986249809629483,0.0022421038480053084,0.001711710410377154,0.02516912755445767,0.02799977415397566,0.003562012303922874,0.0034210554656117515,0.046544534608251954,0.0019285251667106886,0.09304322072486401,0.05122881262536093,0.00040362297910788214,0.0025963039134176405,0.13027523546222458,0.08144225027075722,0.0023335686038775737,0.14673009829037603,0.003911443574488659,0.12141368869168966,0.0029078167234209092,0.05436306298383001,0.11078471301519628,0.0018483813826919622,0.015505554859952557,0.04520548751419844,0.003043043973146879,0.021200059378117784,0.0025110793632281765,0.002234170087550405,0.05104397230524258,0.11956292474136113,0.021251667576777655
0.0005915149074342097,0.007976261773833506,0.039848090366756184,0.011156260431542726,0.02067283059842157,0.03277425603099137,0.007368314219019588,0.008311531961197416,0.05835744742590458,0.02796274488812761,0.0445800330971059,0.04139784946236559,0.04287176531015701,0.03204598226850549,0.030810543139994123,0.04887604545833449,1.0,0.05861138802556735,0.04476910486099294,0.02535680744963691,0.00753001831626077,0.007203095989083507,0.0005480594525362643,0.006933144676335338,0.007771779597915115,0.006761217752781513,0.057930390095772014,0.020512492066911598,0.025452829156178178,0.004763777145968181,0.0031646060530847154,0.0027936331152257645,0.00259957358493239,0.03595583130667901,0.021790482018240475,0.018706384372526363,0.009575443707180234,0.030266613095323507,0.0004031498271276013,0.005240261024322721,0.06610902797807904,0.02211630242873809,0.006592449779215125,0.008244994110718492,0.05898311620348693,0.006335294854137974,0.018789154666015783,0.03728813559322034,0.0017974296755639435,0.0074320050600885515,0.028579393657799976,0.03987105993749352,0.0022352705678254487,0.04210307276132344,0.007260907532585141,0.030733507129934327,0.009020167478930504,0.02779698966075071,0.037678901078846326,0.006933318601182255,0.04488416192596257,0.06521719583142259,0.00058794379257343,0.04088643049659133,0.008096101779565228,0.0069421232612552385,0.036201267896353154,0.02548129322857748,0.050797453869260475
0.002496917095763007,0.002200824081390314,0.09111847162243372,0.06516777300439708,0.04752269403653959,0.06016085093876813,0.0026090560037888397,0.0033615489183543177,0.06982582139141524,0.16613211897154656,0.049898388195773066,0.02820662373578063,0.10988078781649122,0.048142575516061596,0.06513046506322122,0.09156333630686887,0.05861138802556735,1.0,0.04584878593763428,0.01751334331682218,0.00241933045029788,0.0026262565279077488,0.0029030106999417484,0.006376080060290587,0.01381107775484397,0.004157067945917178,0.09208935692921236,0.04192149040416755,0.053778950327617155,0.002542761027844023,0.0028298930401724526,0.0026464091959326726,0.00270625272377632,0.09022328659176722,0.09174676744002318,0.08103330049395194,0.0028761644006653083,0.05577056531255004,0.0021799950829518473,0.0014002159580725304,0.034565587734241905,0.05013840147787669,0.003633107839235973,0.003036031640938077,0.11985548431131908,0.001610242196264766,0.047351755136303984,0.12030752707888567,0.00046193141677082765,0.001953307082069973,0.06626230839508679,0.06509902454276323,0.0015130612789817988,0.08583684880734728,0.0047590887330686265,0.07994305792322651,0.0029650172550628228,0.10024593833755496,0.038960877998599465,0.0016237033856228446,0.03245032022259175,0.10330191060751405,0.002255322254474743,0.024154087710699244,0.002401423986718927,0.001989513055626785,0.12985636072452791,0.04943219046427979,0.04005778051850413
0.0012723573733772473,0.005682499101186434,0.06951131439576312,0.019785878845372,0.04736043950959008,0.044956432087268856,0.005903921446771487,0.0050804244310299574,0.09093910163156599,0.02689463001823248,0.18322795272336556,0.06696991675075681,0.07373077340948951,0.0888755880452991,0.08609145539842308,0.1156647312425057,0.04476910486099294,0.04584878593763428,1.0,0.1316363170043601,0.006182308371682239,0.005866839402211632,0.0013381647596565878,0.005777035974058768,0.008195338674057523,0.006243496357960458,0.07085907536511175,0.08117321250055466,0.07489361953792881,0.003888618845913478,0.0033843322572092516,0.0026684105732119605,0.0031921394177889667,0.07099896793480195,0.032945405973797144,0.03366304622379389,0.006210252888663303,0.07366414316052314,0.0011256949001210363,0.003240228835152156,0.03428005800171921,0.02556381487308249,0.0049695176828743375,0.00625637923864968,0.032239078015530956,0.004312678889146747,0.04544603833408563,0.0376496459034754,0.0007006914175605634,0.005099474270834361,0.06942455918065674,0.05932556376571338,0.0014890104554429807,0.07997698504027619,0.005508058529108892,0.06759981631439348,0.005957294453450557,0.038311872170145804,0.11781182451893857,0.004635529022224452,0.013465972094804273,0.0352569385632357,0.0014361573338551703,0.024664669009323327,0.005509234620463998,0.004974200609803768,0.03132793454199008,0.0729806928950836,0.026396968833302597
0.0012177447367475436,0.012054378183012979,0.03217217342077614,0.009321708347718685,0.01671459504504812,0.02810129836739941,0.015590639052089145,0.010684921583541599,0.041686621098001655,0.01187409527359437,0.0879359129827656,0.07788238013896559,0.0489646746196564,0.026769564693114676,0.029022248984585646,0.04694668314737014,0.02535680744963691,0.01751334331682218,0.1316363170043601,1.0,0.011807868350282285,0.011067179722526212,0.0011271558292934,0.008399801721418593,0.00555157806813436,0.006640063846767757,0.025452035402371467,0.02578602126215788,0.024327961400859948,0.004531529231554761,0.0035936292820538266,0.003160361231790399,0.0037592022137524148,0.032187340997182935,0.015377958401031702,0.01793998765505844,0.011852636295134717,0.020130135586291478,0.0013754746882755733,0.007117031398667936,0.02704957825110747,0.013356812780185188,0.007115575786114163,0.013064438965149229,0.018942950240238583,0.00846088762402892,0.0160397066400277,0.01874336718841422,0.0012927823305140453,0.012048675848519477,0.0219846368087687,0.02368675963110205,0.002661270202090206,0.023267936002316657,0.00945223102444309,0.01800426223350834,0.0114096280176534,0.020763143241221433,0.049914742917103884,0.009554800198971978,0.01127306766515111,0.016532396030980747,0.0019998880062716486,0.01358186054441098,0.010745171663104916,0.010037715093894868,0.017752576869639856,0.02486531691852889,0.014483438316835925
0.00042716787697565144,0.03809947843785778,0.0034589688086936886,0.0008458885365080778,0.0014577188878718756,0.001463408782851728,0.1936442426743706,0.21224663058473947,0.0060766494737512396,0.001731200758640842,0.004966691905334158,0.012496523224857949,0.002526278665020816,0.0025817394645350528,0.00164290274526495,0.0031992182066545166,0.00753001831626077,0.00241933045029788,0.006182308371682239,0.011807868350282285,1.0,0.29749773248679506,0.0002887816271416648,0.010356393056480107,0.0024094558782812767,0.00925137542572701,0.0034897739049512488,0.0013448898738596517,0.0016220018086037867,0.007601128051467348,0.003835029063051574,0.00259430171958583,0.0037379140778150645,0.0027179323341343592,0.0019272499550955615,0.001188336024863646,0.03368772406972432,0.000927734375,0.0003442467193287648,0.06628919395331447,0.017367619493908155,0.005444212626358419,0.011160099200881785,0.030984601026598228,0.003400257846603889,0.21732066983254186,0.0011368184264638908,0.0029333552649614828,0.0044959772834831995,0.09932860638765138,0.001148111072629886,0.004052960256175447,0.0014496808158905364,0.001391456377642063,0.0848160709626924,0.0008979927221504871,0.031052081411793643,0.001964439694433986,0.0054969391144787,0.04374627162457745,0.001620022539444027,0.0026152504999743605,0.0003678634490876986,0.002874163879598662,0.03132854053422175,0.028130570409982174,0.0020498457541808734,0.002944195648005054,0.0025813249045173185
0.0005317222759546935,0.038985148514851485,0.0034335188349109208,0.0008500865780484105,0.0015142022983946068,0.0013874353377388393,0.18407058254773992,0.2182568711464103,0.005486148832156436,0.0018089505883907774,0.005751387608877925,0.012181921949107511,0.0024488608970483572,0.002632329494714301,0.0017289866523929685,0.0031188695166108286,0.007203095989083507,0.0026262565279077488,0.005866839402211632,0.011067179722526212,0.29749773248679506,1.0,0.0006434761660231905,0.011684952279011685,0.002686225195212199,0.008197918864953491,0.003210396909027046,0.001279233672340361,0.0016695148733712377,0.006360270093661512,0.003661487226193433,0.0029124882929392145,0.003823079150978526,0.002517507067496905,0.0025249832798611986,0.0010721852211674646,0.032056669468123425,0.0012902645042233657,0.00018337142110559215,0.06778509459600711,0.018220731142989357,0.006271811186949027,0.011868761510652328,0.03296250515039143,0.003735157071997595,0.2151166331688897,0.0012463518780609316,0.0034165967229865344,0.004335589868411044,0.09789441562404638,0.0012702053893677173,0.004562603159632162,0.0023395049305695312,0.001240570662504752,0.0950806010573192,0.0009524925998651856,0.033641160949868076,0.0023567236385143844,0.006182282713265097,0.05449343217583561,0.0018117625197435659,0.0023469627241094297,0.0005966285895241198,0.0033055290137644295,0.03343222272934733,0.02602190176732083,0.0018957653139760032,0.003568714643550702,0.002393340270551509
0.06086441977531087,0.0005202930550632644,0.003173426262326685,0.0011698409937851268,0.0017635531403609244,0.005477811244759663,0.0006717385531064003,0.00022601891555487644,0.001497431195403559,0.0017993647140907394,0.00222956728006583,0.000754247024670894,0.001977222971307613,0.0030568231667497036,0.00273962170755157,0.001993011336892407,0.0005480594525362643,0.0029030106999417484,0.0013381647596565878,0.0011271558292934,0.0002887816271416648,0.0006434761660231905,1.0,0.0038687184158587634,0.003806351448621841,0.0008818092116455524,0.00125359861296124,0.003797390627070386,0.0029465437885239504,0.0008699576600811169,0.0009083561256484237,0.0012294009248267602,0.0005121545687342986,0.0018758617424802799,0.002915569382290183,0.0017608947520317212,0.0003117034920531844,0.0035024410953088518,0.11441561685440951,0.00022811318269295644,0.00368732244372832,0.004074199892309861,0.0005727923627684964,0.0017449329830683976,0.002363943369268736,0.00021559144455921204,0.005621619875592964,0.0027617748378168825,9.537465796674385e-05,0.001082503629952292,0.0042271899955095785,0.0025819632048509613,0.0004658479036844334,0.004716420571021123,0.0038351720249527386,0.002116978931622848,0.0003408858486921346,0.006352044493464132,0.005043385120092606,0.00021169880145909328,0.0019017052356884684,0.000588856974612293,0.06526253213098557,0.0006585276293308813,0.0034063528968612195,0.0007138381234778452,0.0018409110369038445,0.00217447026657553,0.00025202072035416503
0.003951333115041187,0.01063061787812301,0.005991172243021959,0.0017687233803694617,0.0032216908632418987,0.004233053089540831,0.013355048859934854,0.007707727125767863,0.006580026611741976,0.004139350949771076,0.0066522534508564775,0.009433872457090636,0.0050699217447896,0.0042814323201481146,0.0035905339839376305,0.005437414433211572,0.006933144676335338,0.006376080060290587,0.005777035974058768,0.008399801721418593,0.010356393056480107,0.011684952279011685,0.0038687184158587634,1.0,0.057217869399624435,0.09499282276450224,0.006105547486175878,0.0025603625660927773,0.0033595936062640356,0.07505598805588141,0.19495602029271142,0.14883233170653007,0.16869406926608246,0.006678204667331275,0.004325129926749354,0.003579537532075362,0.02441251587312911,0.003319833509101461,0.0024379038926832255,0.005871392377913913,0.015214884814505008,0.08605573759712436,0.13944584962060244,0.04866282546067294,0.008478891205428206,0.0083309665814636,0.00393407190661872,0.007829074385382792,0.0032994510778700044,0.012200223089793643,0.004211567603973733,0.008560799605575724,0.0413101958017287,0.003747575437244577,0.013633122194722933,0.002781982675259846,0.025127707542592963,0.0058615483473254725,0.007152727875739318,0.008429446105652855,0.0035939457416877168,0.005559576287913678,0.003881092744860498,0.003360388216095508,0.015812706040118456,0.02146220845430425,0.005541568423716847,0.006425879831293646,0.0025618945102260497
0.005907300817933959,0.0014722070274249207,0.013302423622264633,0.011703238970273803,0.015390851831038681,0.0048552414589539995,0.007619283500568676,0.004144250390904513,0.009606170266074644,0.016275541057531227,0.007697469984372666,0.005064282094773989,0.00805459785620059,0.011392029467437458,0.018758730792257036,0.013728874142058194,0.007771779597915115,0.01381107775484397,0.008195338674057523,0.00555157806813436,0.0024094558782812767,0.002686225195212199,0.003806351448621841,0.057217869399624435,1.0,0.02888284362699664,0.020563063280623628,0.008536341440433231,0.01052272185329971,0.021245535993985338,0.0730502011467295,0.05402460668583897,0.06556384106347313,0.012861860882328957,0.012999204852481402,0.006535008465774084,0.0047260609956190055,0.006935671006832538,0.006706663930209086,0.0024373875212436685,0.010052233134853834,0.05268169703238126,0.04228561511316231,0.009037059284844237,0.007156084011500414,0.0028504611925767565,0.013211772157561743,0.011350482835657798,0.0007684977406166426,0.0030517072382049495,0.007569160405658794,0.013278897356374096,0.018201451911407283,0.010449673411958498,0.0018427556667849516,0.01367147669894201,0.004806911669192466,0.00494674509442289,0.0056999819792687536,0.0033080260303687634,0.0019049628315069684,0.008924830190693516,0.0065672812709145064,0.006300212217674701,0.0023585778549390503,0.0034363106854818394,0.010756935443047684,0.0050572200867077385,0.01166330856601687
0.0012535599142878408,0.008555611474584801,0.0054667788057190915,0.0018823001755859225,0.0028127270343948083,0.0023153133749730776,0.008404758665517814,0.006874906590943058,0.006621078910235537,0.0028397657193281554,0.005787962141215252,0.007641041361535929,0.0028748919402504978,0.005202489848556838,0.004623601333009645,0.004476723869249441,0.006761217752781513,0.004157067945917178,0.006243496357960458,0.006640063846767757,0.00925137542572701,0.008197918864953491,0.0008818092116455524,0.09499282276450224,0.02888284362699664,1.0,0.006948714795228139,0.00350767047005514,0.004157226825520049,0.3156485302920513,0.08917041092629512,0.0727255581084325,0.05646466462866391,0.006175183752264762,0.0037943877592968665,0.0018898255413046477,0.024739632289355943,0.0032014190430032013,0.0008198054863580564,0.005187028946406503,0.012494939200603107,0.11153094702694732,0.09756130278478296,0.041336254869226485,0.004290458138646449,0.007352553165291728,0.0027480371163454676,0.004434814858191329,0.0037549917549122842,0.009178162177943216,0.0031720475850769776,0.00672175240495287,0.03881260096930533,0.003539279369212458,0.0077964293877136395,0.003413990740642646,0.02881550908027986,0.0024776426143626952,0.006106823658603545,0.00722483537158984,0.0017682364954050755,0.003977483149396341,0.0009447349646018393,0.0037160514976214633,0.012105388084500356,0.03046847804180942,0.003164713096555467,0.004743952392713513,0.004303210857332009
